77
NULL 0 Common 0
Joined 7 0,255,0,255,0,0,0,0,0,0 Latin 1 0 1 Joined	# Joined [4a 6f 69 6e 65 64 ]a
|Broken|0|1 f 0,255,0,255,0,0,0,0,0,0 Common 2 10 2 |Broken|0|1	# Broken
2 8 0,255,0,255,0,0,0,0,0,0 Common 3 2 3 2	# 2 [32 ]0
1 8 0,255,0,255,0,0,0,0,0,0 Common 4 2 4 1	# 1 [31 ]0
. 10 0,255,0,255,0,0,0,0,0,0 Common 5 6 5 .	# . [2e ]p
9 8 0,255,0,255,0,0,0,0,0,0 Common 6 2 6 9	# 9 [39 ]0
4 8 0,255,0,255,0,0,0,0,0,0 Common 7 2 7 4	# 4 [34 ]0
% 10 0,255,0,255,0,0,0,0,0,0 Common 8 4 8 %	# % [25 ]p
5 8 0,255,0,255,0,0,0,0,0,0 Common 9 2 9 5	# 5 [35 ]0
7 8 0,255,0,255,0,0,0,0,0,0 Common 10 2 10 7	# 7 [37 ]0
0 8 0,255,0,255,0,0,0,0,0,0 Common 11 2 11 0	# 0 [30 ]0
6 8 0,255,0,255,0,0,0,0,0,0 Common 12 2 12 6	# 6 [36 ]0
3 8 0,255,0,255,0,0,0,0,0,0 Common 13 2 13 3	# 3 [33 ]0
8 8 0,255,0,255,0,0,0,0,0,0 Common 14 2 14 8	# 8 [38 ]0
D 5 0,255,0,255,0,0,0,0,0,0 Latin 62 0 15 D	# D [44 ]A
O 5 0,255,0,255,0,0,0,0,0,0 Latin 43 0 16 O	# O [4f ]A
C 5 0,255,0,255,0,0,0,0,0,0 Latin 59 0 17 C	# C [43 ]A
T 5 0,255,0,255,0,0,0,0,0,0 Latin 44 0 18 T	# T [54 ]A
R 5 0,255,0,255,0,0,0,0,0,0 Latin 45 0 19 R	# R [52 ]A
S 5 0,255,0,255,0,0,0,0,0,0 Latin 58 0 20 S	# S [53 ]A
A 5 0,255,0,255,0,0,0,0,0,0 Latin 52 0 21 A	# A [41 ]A
N 5 0,255,0,255,0,0,0,0,0,0 Latin 56 0 22 N	# N [4e ]A
G 5 0,255,0,255,0,0,0,0,0,0 Latin 57 0 23 G	# G [47 ]A
E 5 0,255,0,255,0,0,0,0,0,0 Latin 39 0 24 E	# E [45 ]A
M 5 0,255,0,255,0,0,0,0,0,0 Latin 63 0 25 M	# M [4d ]A
V 5 0,255,0,255,0,0,0,0,0,0 Latin 73 0 26 V	# V [56 ]A
L 5 0,255,0,255,0,0,0,0,0,0 Latin 53 0 27 L	# L [4c ]A
' 10 0,255,0,255,0,0,0,0,0,0 Common 28 10 28 '	# ' [27 ]p
Y 5 0,255,0,255,0,0,0,0,0,0 Latin 54 0 29 Y	# Y [59 ]A
P 5 0,255,0,255,0,0,0,0,0,0 Latin 55 0 30 P	# P [50 ]A
I 5 0,255,0,255,0,0,0,0,0,0 Latin 49 0 31 I	# I [49 ]A
H 5 0,255,0,255,0,0,0,0,0,0 Latin 42 0 32 H	# H [48 ]A
U 5 0,255,0,255,0,0,0,0,0,0 Latin 64 0 33 U	# U [55 ]A
B 5 0,255,0,255,0,0,0,0,0,0 Latin 40 0 34 B	# B [42 ]A
K 5 0,255,0,255,0,0,0,0,0,0 Latin 61 0 35 K	# K [4b ]A
^ 0 0,255,0,255,0,0,0,0,0,0 Common 36 10 36 ^	# ^ [5e ]
+ 0 0,255,0,255,0,0,0,0,0,0 Common 37 3 37 +	# + [2b ]
W 5 0,255,0,255,0,0,0,0,0,0 Latin 66 0 38 W	# W [57 ]A
e 3 0,255,0,255,0,0,0,0,0,0 Latin 24 0 39 e	# e [65 ]a
b 3 0,255,0,255,0,0,0,0,0,0 Latin 34 0 40 b	# b [62 ]a
- 10 0,255,0,255,0,0,0,0,0,0 Common 41 3 41 -	# - [2d ]p
h 3 0,255,0,255,0,0,0,0,0,0 Latin 32 0 42 h	# h [68 ]a
o 3 0,255,0,255,0,0,0,0,0,0 Latin 16 0 43 o	# o [6f ]a
t 3 0,255,0,255,0,0,0,0,0,0 Latin 18 0 44 t	# t [74 ]a
r 3 0,255,0,255,0,0,0,0,0,0 Latin 19 0 45 r	# r [72 ]a
| 0 0,255,0,255,0,0,0,0,0,0 Common 46 10 46 |	# | [7c ]
, 10 0,255,0,255,0,0,0,0,0,0 Common 47 6 47 ,	# , [2c ]p
F 5 0,255,0,255,0,0,0,0,0,0 Latin 60 0 48 F	# F [46 ]A
i 3 0,255,0,255,0,0,0,0,0,0 Latin 31 0 49 i	# i [69 ]a
( 10 0,255,0,255,0,0,0,0,0,0 Common 50 10 51 (	# ( [28 ]p
) 10 0,255,0,255,0,0,0,0,0,0 Common 51 10 50 )	# ) [29 ]p
a 3 0,255,0,255,0,0,0,0,0,0 Latin 21 0 52 a	# a [61 ]a
l 3 0,255,0,255,0,0,0,0,0,0 Latin 27 0 53 l	# l [6c ]a
y 3 0,255,0,255,0,0,0,0,0,0 Latin 29 0 54 y	# y [79 ]a
p 3 0,255,0,255,0,0,0,0,0,0 Latin 30 0 55 p	# p [70 ]a
n 3 0,255,0,255,0,0,0,0,0,0 Latin 22 0 56 n	# n [6e ]a
g 3 0,255,0,255,0,0,0,0,0,0 Latin 23 0 57 g	# g [67 ]a
s 3 0,255,0,255,0,0,0,0,0,0 Latin 20 0 58 s	# s [73 ]a
c 3 0,255,0,255,0,0,0,0,0,0 Latin 17 0 59 c	# c [63 ]a
f 3 0,255,0,255,0,0,0,0,0,0 Latin 48 0 60 f	# f [66 ]a
k 3 0,255,0,255,0,0,0,0,0,0 Latin 35 0 61 k	# k [6b ]a
d 3 0,255,0,255,0,0,0,0,0,0 Latin 15 0 62 d	# d [64 ]a
m 3 0,255,0,255,0,0,0,0,0,0 Latin 25 0 63 m	# m [6d ]a
u 3 0,255,0,255,0,0,0,0,0,0 Latin 33 0 64 u	# u [75 ]a
z 3 0,255,0,255,0,0,0,0,0,0 Latin 76 0 65 z	# z [7a ]a
w 3 0,255,0,255,0,0,0,0,0,0 Latin 38 0 66 w	# w [77 ]a
x 3 0,255,0,255,0,0,0,0,0,0 Latin 72 0 67 x	# x [78 ]a
J 5 0,255,0,255,0,0,0,0,0,0 Latin 75 0 68 J	# J [4a ]A
Q 5 0,255,0,255,0,0,0,0,0,0 Latin 70 0 69 Q	# Q [51 ]A
q 3 0,255,0,255,0,0,0,0,0,0 Latin 69 0 70 q	# q [71 ]a
! 10 0,255,0,255,0,0,0,0,0,0 Common 71 10 71 !	# ! [21 ]p
X 5 0,255,0,255,0,0,0,0,0,0 Latin 67 0 72 X	# X [58 ]A
v 3 0,255,0,255,0,0,0,0,0,0 Latin 26 0 73 v	# v [76 ]a
: 10 0,255,0,255,0,0,0,0,0,0 Common 74 6 74 :	# : [3a ]p
j 3 0,255,0,255,0,0,0,0,0,0 Latin 68 0 75 j	# j [6a ]a
Z 5 0,255,0,255,0,0,0,0,0,0 Latin 65 0 76 Z	# Z [5a ]A
