77
NULL 0 NULL 0
Joined 0 0,255,0,255,0,0,0,0,0,0 NULL 0 0 0 	# Joined [4a 6f 69 6e 65 64 ]
|Broken|0|1 0 0,255,0,255,0,0,0,0,0,0 NULL 0 0 0 	# Broken
2 8 0,255,0,255,0,0,0,0,0,0 NULL 3 0 0 	# 2 [32 ]0
1 8 0,255,0,255,0,0,0,0,0,0 NULL 4 0 0 	# 1 [31 ]0
. 10 0,255,0,255,0,0,0,0,0,0 NULL 5 0 0 	# . [2e ]p
9 8 0,255,0,255,0,0,0,0,0,0 NULL 6 0 0 	# 9 [39 ]0
4 8 0,255,0,255,0,0,0,0,0,0 NULL 7 0 0 	# 4 [34 ]0
% 10 0,255,0,255,0,0,0,0,0,0 NULL 8 0 0 	# % [25 ]p
5 8 0,255,0,255,0,0,0,0,0,0 NULL 9 0 0 	# 5 [35 ]0
7 8 0,255,0,255,0,0,0,0,0,0 NULL 10 0 0 	# 7 [37 ]0
0 8 0,255,0,255,0,0,0,0,0,0 NULL 11 0 0 	# 0 [30 ]0
6 8 0,255,0,255,0,0,0,0,0,0 NULL 12 0 0 	# 6 [36 ]0
3 8 0,255,0,255,0,0,0,0,0,0 NULL 13 0 0 	# 3 [33 ]0
8 8 0,255,0,255,0,0,0,0,0,0 NULL 14 0 0 	# 8 [38 ]0
D 5 0,255,0,255,0,0,0,0,0,0 NULL 62 0 0 	# D [44 ]A
O 5 0,255,0,255,0,0,0,0,0,0 NULL 43 0 0 	# O [4f ]A
C 5 0,255,0,255,0,0,0,0,0,0 NULL 59 0 0 	# C [43 ]A
T 5 0,255,0,255,0,0,0,0,0,0 NULL 44 0 0 	# T [54 ]A
R 5 0,255,0,255,0,0,0,0,0,0 NULL 45 0 0 	# R [52 ]A
S 5 0,255,0,255,0,0,0,0,0,0 NULL 58 0 0 	# S [53 ]A
A 5 0,255,0,255,0,0,0,0,0,0 NULL 52 0 0 	# A [41 ]A
N 5 0,255,0,255,0,0,0,0,0,0 NULL 56 0 0 	# N [4e ]A
G 5 0,255,0,255,0,0,0,0,0,0 NULL 57 0 0 	# G [47 ]A
E 5 0,255,0,255,0,0,0,0,0,0 NULL 39 0 0 	# E [45 ]A
M 5 0,255,0,255,0,0,0,0,0,0 NULL 63 0 0 	# M [4d ]A
V 5 0,255,0,255,0,0,0,0,0,0 NULL 73 0 0 	# V [56 ]A
L 5 0,255,0,255,0,0,0,0,0,0 NULL 53 0 0 	# L [4c ]A
' 10 0,255,0,255,0,0,0,0,0,0 NULL 28 0 0 	# ' [27 ]p
Y 5 0,255,0,255,0,0,0,0,0,0 NULL 54 0 0 	# Y [59 ]A
P 5 0,255,0,255,0,0,0,0,0,0 NULL 55 0 0 	# P [50 ]A
I 5 0,255,0,255,0,0,0,0,0,0 NULL 49 0 0 	# I [49 ]A
H 5 0,255,0,255,0,0,0,0,0,0 NULL 42 0 0 	# H [48 ]A
U 5 0,255,0,255,0,0,0,0,0,0 NULL 64 0 0 	# U [55 ]A
B 5 0,255,0,255,0,0,0,0,0,0 NULL 40 0 0 	# B [42 ]A
K 5 0,255,0,255,0,0,0,0,0,0 NULL 61 0 0 	# K [4b ]A
^ 10 0,255,0,255,0,0,0,0,0,0 NULL 36 0 0 	# ^ [5e ]p
+ 10 0,255,0,255,0,0,0,0,0,0 NULL 37 0 0 	# + [2b ]p
W 5 0,255,0,255,0,0,0,0,0,0 NULL 66 0 0 	# W [57 ]A
e 3 0,255,0,255,0,0,0,0,0,0 NULL 24 0 0 	# e [65 ]a
b 3 0,255,0,255,0,0,0,0,0,0 NULL 34 0 0 	# b [62 ]a
- 10 0,255,0,255,0,0,0,0,0,0 NULL 41 0 0 	# - [2d ]p
h 3 0,255,0,255,0,0,0,0,0,0 NULL 32 0 0 	# h [68 ]a
o 3 0,255,0,255,0,0,0,0,0,0 NULL 16 0 0 	# o [6f ]a
t 3 0,255,0,255,0,0,0,0,0,0 NULL 18 0 0 	# t [74 ]a
r 3 0,255,0,255,0,0,0,0,0,0 NULL 19 0 0 	# r [72 ]a
| 10 0,255,0,255,0,0,0,0,0,0 NULL 46 0 0 	# | [7c ]p
, 10 0,255,0,255,0,0,0,0,0,0 NULL 47 0 0 	# , [2c ]p
F 5 0,255,0,255,0,0,0,0,0,0 NULL 60 0 0 	# F [46 ]A
i 3 0,255,0,255,0,0,0,0,0,0 NULL 31 0 0 	# i [69 ]a
( 10 0,255,0,255,0,0,0,0,0,0 NULL 50 0 0 	# ( [28 ]p
) 10 0,255,0,255,0,0,0,0,0,0 NULL 51 0 0 	# ) [29 ]p
a 3 0,255,0,255,0,0,0,0,0,0 NULL 21 0 0 	# a [61 ]a
l 3 0,255,0,255,0,0,0,0,0,0 NULL 27 0 0 	# l [6c ]a
y 3 0,255,0,255,0,0,0,0,0,0 NULL 29 0 0 	# y [79 ]a
p 3 0,255,0,255,0,0,0,0,0,0 NULL 30 0 0 	# p [70 ]a
n 3 0,255,0,255,0,0,0,0,0,0 NULL 22 0 0 	# n [6e ]a
g 3 0,255,0,255,0,0,0,0,0,0 NULL 23 0 0 	# g [67 ]a
s 3 0,255,0,255,0,0,0,0,0,0 NULL 20 0 0 	# s [73 ]a
c 3 0,255,0,255,0,0,0,0,0,0 NULL 17 0 0 	# c [63 ]a
f 3 0,255,0,255,0,0,0,0,0,0 NULL 48 0 0 	# f [66 ]a
k 3 0,255,0,255,0,0,0,0,0,0 NULL 35 0 0 	# k [6b ]a
d 3 0,255,0,255,0,0,0,0,0,0 NULL 15 0 0 	# d [64 ]a
m 3 0,255,0,255,0,0,0,0,0,0 NULL 25 0 0 	# m [6d ]a
u 3 0,255,0,255,0,0,0,0,0,0 NULL 33 0 0 	# u [75 ]a
z 3 0,255,0,255,0,0,0,0,0,0 NULL -1 0 0 	# z [7a ]a
w 3 0,255,0,255,0,0,0,0,0,0 NULL 38 0 0 	# w [77 ]a
x 3 0,255,0,255,0,0,0,0,0,0 NULL -1 0 0 	# x [78 ]a
J 5 0,255,0,255,0,0,0,0,0,0 NULL -1 0 0 	# J [4a ]A
Q 5 0,255,0,255,0,0,0,0,0,0 NULL 70 0 0 	# Q [51 ]A
q 3 0,255,0,255,0,0,0,0,0,0 NULL 69 0 0 	# q [71 ]a
! 10 0,255,0,255,0,0,0,0,0,0 NULL 71 0 0 	# ! [21 ]p
X 5 0,255,0,255,0,0,0,0,0,0 NULL 67 0 0 	# X [58 ]A
v 3 0,255,0,255,0,0,0,0,0,0 NULL 26 0 0 	# v [76 ]a
: 10 0,255,0,255,0,0,0,0,0,0 NULL 74 0 0 	# : [3a ]p
j 3 0,255,0,255,0,0,0,0,0,0 NULL 68 0 0 	# j [6a ]a
Z 5 0,255,0,255,0,0,0,0,0,0 NULL 65 0 0 	# Z [5a ]A
